763 535 926 721
390 606 162 978
202 573 229 798
163 392 491 487
305 016 236 160
455 567 396 547
452 447 703 868
348 941 602 298
466 059 784 271
227 016 516 949
190 177 951 677
637 365 849 921
093 588 690 583
116 895 184 030
444 674 713 695
712 758 814 795
835 138 698 334
683 840 988 677
034 903 452 950
964 422 577 184
982 863 120 150
801 605 264 685
482 427 260 099
318 011 043 193
969 833 650 046
640 762 965 278
928 069 672 231
951 419 019 857
407 408 692 401
222 550 092 382
408 190 269 445
399 506 920 534
471 413 496 622
214 988 882 868
383 833 740 986
860 097 333 237
256 856 697 140
840 807 426 397
829 103 987 451
529 947 549 539
807 991 287 435
209 910 126 702
113 509 776 604
474 858 062 466
826 069 107 310
277 546 202 909
549 301 887 406
676 790 795 358
383 397 787 914
890 858 734 831
790 399 342 217
202 571 471 171
711 040 158 266
691 084 018 922
657 364 797 194
607 580 493 451
551 894 583 222
307 364 336 344
279 985 420 567
317 833 015 678
053 408 311 395
514 380 565 099
367 167 605 805
221 196 240 047
823 730 300 294
247 425 834 806
229 813 243 542
571 617 189 333
897 076 484 618
258 991 606 994
980 413 698 377
217 512 090 104
473 311 230 571
456 122 427 561
587 729 463 797
122 036 512 056
430 066 852 059
806 873 012 585
705 283 703 677
119 809 889 730
960 712 797 726
851 548 656 848
838 257 054 375
272 431 149 759
214 612 202 792
534 416 130 772
189 670 010 152
179 213 860 947
442 195 982 606
904 454 366 599
312 990 431 585
337 598 835 306
163 078 115 030
540 424 999 894
361 339 164 165
227 829 421 687
773 732 352 867
631 304 585 990
208 094 021 360
809 783 013 050
